0.022797781164492603 1.0271700333360953e-20
0.0230495116021046 1.047634532912094e-20
0.023821503489534122 1.0897540926717576e-20
0.024350476403097697 1.1114239399222895e-20
0.02516604119955607 1.1561081170711307e-20
0.026008921516508254 1.2025887965407677e-20
0.027176838403445126 1.2508914685931139e-20
0.028087065879654514 1.3271561524382371e-20
0.02902777939129404 1.3805137223893318e-20
0.030331256497019204 1.4359628516246388e-20
0.031004782965586623 1.4937507429723607e-20
0.032043218891437665 1.5233971771610463e-20
0.033116434908260335 1.5846445076235056e-20
0.03460351093099947 1.6482926674861816e-20
0.03576247820876475 1.748786213350263e-20
0.03736837340869519 1.8190272194165943e-20
0.03861994357711978 1.9299301548651093e-20
0.04035415175055898 2.0074469117337345e-20
0.041705723892880964 2.0881551907249692e-20
0.04310256392404847 2.1721083008794537e-20
0.044546187990848196 2.259436698817087e-20
0.04553536681661051 2.304365778198283e-20
0.04654651104038929 2.3971010735892755e-20
0.04654651104038929 2.594305464109654e-20
0.04654651104038929 2.752784303950175e-20
0.04706047218024611 3.0386061465333963e-20
0.04706047218024611 3.224226068125842e-20
0.04706047218024611 3.4894762670724174e-20
0.04706047218024611 3.7765480339099174e-20
0.04706047218024611 4.087236582466992e-20
0.04706047218024611 4.336914394391658e-20
0.04706047218024611 4.693703087746319e-20
0.04758010841899603 4.882775642326319e-20
0.04810548242041836 5.1808571301520424e-20
0.04917369783366843 5.49693038033764e-20
0.04971666806333049 5.832504509945775e-20
0.05082066096494089 6.188333402900909e-20
0.051949168790303896 6.437372392945615e-20
0.053102735910208226 6.696433535082688e-20
0.05428191878357143 7.104968929692825e-20
0.05609997036134104 7.390620226994921e-20
0.05797891351430735 7.687755974750967e-20
0.05992078766972055 7.996837898860731e-20
0.06192770056088946 8.484391239362091e-20
0.06330284786048704 9.002006191387041e-20
0.06542303530059834 9.363926809525736e-20
0.06761423368149876 9.74039824345472e-20
0.0698788213559775 1.0132005500575009e-19
0.07221925633443607 1.0333095164084973e-19
0.0738229347275906 1.074893306682196e-19
0.07463807895284187 1.163279021833513e-19
0.07463807895284187 1.2589795048182895e-19
0.07463807895284187 1.3358870294204634e-19
0.07463807895284187 1.4457876048878457e-19
0.07546222390544723 1.5340493952943434e-19
0.07629546897038715 1.6276993517214966e-19
0.07713791463003938 1.7270664085012919e-19
0.07798966247629646 1.8324995806006393e-19
0.0788508152228167 1.944369189494897e-19
0.08060175195456423 2.0629910842597023e-19
0.08239156944397946 2.1888498525532677e-19
0.08422113106510075 2.3223870008830985e-19
0.08609131936378218 2.464070971144668e-19
0.08800303648341738 2.614398783893061e-19
0.09095050154936521 2.719509223034188e-19
0.09399668537164393 2.8288455685230556e-19
0.09608394659544545 2.942687664207037e-19
0.10039854548110613 3.060882410079891e-19
0.10376117042340911 3.2474991031766866e-19
0.1072364189744348 3.4454934924658e-19
0.11205181374331777 3.5838837241923823e-19
0.11708344127157427 3.7278324793290993e-19
0.12369188653943641 3.877418147042859e-19
0.1264385501845622 3.9545209168676177e-19
0.13357501824159895 4.195307695435562e-19
0.13957313390272874 4.363814646734471e-19
0.14745094656558655 4.62952290650696e-19
0.15407215346105396 4.721228534107258e-19
0.1609906821558975 4.910859398974028e-19
0.16821988372852018 5.210071317195912e-19
0.17771458154840686 5.419134358826828e-19
0.18774518086039352 5.636586413335835e-19
0.19403328618037696 5.863202213806903e-19
0.2049849488402765 6.220206665884318e-19
0.21655474727150323 6.469803119746789e-19
0.22627902384806975 6.729666490530971e-19
0.23905070640305015 6.999705893068165e-19
0.249785152145643 7.42618835919033e-19
0.2581511476767229 7.724754103784535e-19
0.26974328864890496 7.877772770600039e-19
0.2818559685903237 8.357754645564628e-19
0.29129610445660636 8.69377349106025e-19
0.3043766022111119 8.865987339077271e-19
0.3145710163786073 9.222439395424312e-19
0.32869666176287615 9.784349960969414e-19
0.33970562198236 1.0177724272280984e-18
0.3549599235591776 1.0586518432992698e-18
0.37089921149341426 1.1011732046753175e-18
0.3833216518153507 1.1454452567535726e-18
0.39616015401817045 1.1681788805397701e-18
0.4094286531648913 1.2394007213115491e-18
0.42781383064038137 1.2891819655366392e-18
0.44702458480229135 1.3409627021244378e-18
0.45695107399980583 1.3676278526562007e-18
0.47225562917519004 1.422612564651924e-18
0.48807277622844447 1.5093467859663471e-18
0.5099894265228273 1.6013092125805792e-18
0.5387743441487727 1.665564489368961e-18
0.5447234275463239 1.7672431200144303e-18
0.5629677215781405 1.950590369877827e-18
0.5754688080883295 2.069591805837115e-18
0.5882474898458927 2.2396853416885145e-18
0.5947428499414494 2.472232072738035e-18
0.6079495250907678 2.675417403058336e-18
0.6214494635698039 3.0120435102777854e-18
0.6283114359823575 3.324784259639459e-18
0.6422635247354004 3.598038294116247e-18
0.6565254292413085 3.8937502571462825e-18
0.67110402917254 4.2137658984395406e-18
0.6860063569694239 4.560082664332283e-18
0.708982607028324 4.743418234376409e-18
0.7408190966254549 4.837379999970608e-18
0.7740851869769921 4.836657110606148e-18
0.808845073549924 4.9324658331836205e-18
0.8359355319399777 5.130772860010799e-18
0.8639333247007077 5.443587184733915e-18
0.8831175599901543 5.775689045666146e-18
0.9027277944546743 6.128051746058054e-18
0.9227734876997419 6.501911357319955e-18
0.9432643093878946 7.036283927524249e-18
0.9642101439031965 7.465552883284084e-18
0.9856210951192736 8.079124256837931e-18
1.007507491273237 8.743123219122443e-18
1.0412517034376452 9.461340757776021e-18
1.076126102587718 1.0038182298196962e-17
1.1121685418111606 1.0862784491495497e-17
1.1494181420002658 1.152506962631479e-17
1.1879153343142017 1.2227733137428585e-17
1.2142938135623778 1.2719817534441504e-17
1.2412580451342647 1.3231705034045943e-17
1.268821036064178 1.4038943664748327e-17
1.2969960822165965 1.489543023479186e-17
1.3404360678780565 1.5803578788136102e-17
1.370201375201445 1.676772205374739e-17
1.416093208575637 1.779002099281524e-17
1.447538534885412 1.8875352939790605e-17
1.47968212635227 1.96349595296132e-17
1.512539488435582 2.0425135199290486e-17
1.546126470904142 2.1247110149633885e-17
1.5979105222577095 2.254250961383106e-17
1.6514289647009162 2.3916887337190084e-17
1.706739887787843 2.5375058487227355e-17
1.7639033266523907 2.6922131803872852e-17
1.8431104741234585 2.856246031772543e-17
1.904841341059907 3.0303863997151084e-17
1.9686397454479805 3.1522213880128665e-17
2.0570404736959573 3.34428190767757e-17
2.1494107899667534 3.4786069177739605e-17
2.245928946514427 3.618327169310964e-17
2.3211513180936127 3.763799987025563e-17
2.398893094925925 3.838500032625335e-17
2.50661412264105 3.9145363892098885e-17
2.619172306224667 3.9920789402645837e-17
2.767004114418948 4.071005416665052e-17
2.8912549730869066 4.070397052939601e-17
2.9880910979577497 4.069940839807727e-17
3.122269750878657 4.0693326351707264e-17
3.2268431995336275 4.068876541339588e-17
3.3717428895050423 4.068268495749435e-17
3.523149223541723 4.067660541024489e-17
3.6411492343762037 4.0672046346029405e-17
3.7220034642561086 3.987308882965951e-17
3.889138064450244 3.9086905087223235e-17
4.108649515078564 3.831479109185396e-17
4.246259549889118 3.756073587319904e-17
4.340550671641313 3.682289662137053e-17
4.485927717512336 3.6098202669711776e-17
4.687365932916061 3.538644893045827e-17
4.844358781011562 3.4690025024042605e-17
5.061892154055624 3.334051670175694e-17
5.28919374834982 3.20435068343051e-17
5.526702200711362 3.1411700148061184e-17
5.711806741616195 3.0190852913541697e-17
5.96829240728362 2.9016370991562747e-17
6.1681870254329025 2.788862062740315e-17
6.37477666715648 2.6280116300813837e-17
6.588285567309073 2.5762909804868508e-17
6.7345829919640465 2.4762533642159806e-17
6.960142800985887 2.3800112933499163e-17
7.114697571967215 2.3332585950546466e-17
7.272684338227406 2.242657948714331e-17
7.434179309588484 2.1986034054654415e-17
7.59926038816419 2.155414265155944e-17
7.853780634467006 2.071641927700264e-17
8.028179249841061 1.991199880670793e-17
8.388680399852003 1.9519390904969456e-17
8.574956833411838 1.913595398749023e-17
8.862155851973593 1.8392215940985237e-17
9.158973959921504 1.8030247468295784e-17
9.362355293218158 1.7676063132099716e-17
9.57025284928329 1.7328836356759498e-17
9.890787083927176 1.698779575296993e-17