10.071210286116756 1.688719083840888e-17
10.215155740810767 1.6565581313169964e-17
10.434940680901915 1.6565581313169964e-17
10.659454420153502 1.6565581313169964e-17
10.735360700064266 1.7215044194441838e-17
10.811807510766078 1.823729125738833e-17
10.888798701394172 1.932024040427371e-17
10.888798701394172 2.046749618739075e-17
10.966338148493577 2.168287720106157e-17
10.966338148493577 2.297042879167387e-17
11.044429756214312 2.4334436522452445e-17
11.044429756214312 2.6790137819767788e-17
11.044429756214312 2.838096380852891e-17
11.12307745650795 3.0649970625327915e-17
11.12307745650795 3.310038044060906e-17
11.12307745650795 3.574669609659155e-17
11.202285209325627 3.86045799115462e-17
11.202285209325627 4.089695964552345e-17
11.202285209325627 4.416659773280222e-17
11.202285209325627 4.6789255816205416e-17
11.282057002817382 5.0529972344233205e-17
11.282057002817382 5.456975240509482e-17
11.282057002817382 5.893250558830365e-17
11.282057002817382 6.243197849521443e-17
11.282057002817382 6.742330245967119e-17
11.362396853533 7.142696763386835e-17
11.362396853533 7.713742474018499e-17
11.362396853533 8.171792450500003e-17
11.362396853533 8.825112503361599e-17
11.443308806624223 9.530664314929323e-17
11.443308806624223 1.0096604982511867e-16
11.443308806624223 1.0492448028345272e-16
11.443308806624223 1.1115500403869097e-16
11.443308806624223 1.177555027145552e-16
11.524796936048434 1.2474794580306068e-16
11.524796936048434 1.3215560736729643e-16
11.524796936048434 1.3733684187482089e-16
11.524796936048434 1.4549204505961493e-16
11.60686534477378 1.5712387138720029e-16
11.60686534477378 1.6645404877333829e-16
11.60686534477378 1.7976174945251674e-16
11.60686534477378 1.9413337677494485e-16
11.689518164985781 2.0965398975490943e-16
11.689518164985781 2.2210345969766834e-16
11.689518164985781 2.352921919937783e-16
11.689518164985781 2.492640848035301e-16
11.689518164985781 2.6406564300520596e-16
11.772759558295343 2.7974613298468e-16
11.772759558295343 2.9635774661658446e-16
11.772759558295343 3.1395577498284785e-16
11.772759558295343 3.3259879240681274e-16
11.856593715948343 3.5234885141550164e-16
11.856593715948343 3.8051850594685396e-16
11.856593715948343 4.10940273499798e-16
11.941024859036625 4.3534233038021115e-16
12.026057238710557 4.792747520125995e-16
12.026057238710557 5.175919031415346e-16
12.111695136393056 5.698245121379185e-16
12.197942863995205 6.036612788257447e-16
12.284804764133295 6.395073075854837e-16
12.372285210347536 6.906347622446584e-16
12.549119391107574 7.45849764597065e-16
12.819120899019218 7.603299318883219e-16
13.282094441715131 7.603299318883219e-16
13.567866328627709 7.901390921553903e-16
13.958482699825534 8.370583656206213e-16
14.258807468413066 8.698757070498949e-16
14.462605270874247 9.039796707061469e-16
14.773776525985111 9.394206993334524e-16
14.9849346608234 9.762512133118874e-16
15.199110829529332 1.014525688191838e-15
15.636690429288326 1.0342220163045532e-15
15.97312280060254 1.0543007352681254e-15
16.08686786508344 1.1385901755922302e-15
16.432986062367135 1.1606951315784588e-15
16.667858891304938 1.1832292402920054e-15
17.02647744405374 1.206200833441989e-15
17.51666659188202 1.2534906118005045e-15
18.408699671150956 1.3537049231310514e-15
19.073545643843964 1.461931187723083e-15
19.762403098895984 1.5788099467748772e-15
20.47613923158044 1.7050329515970646e-15
21.67211950093307 1.841347257768656e-15
21.67211950093307 1.841347257768656e-15
22.454826678914653 1.98855964661346e-15
23.101297000831593 2.066522239851513e-15
24.106066385557497 2.23173696197736e-15
25.154537278317612 2.3642598024001025e-15
26.063014960239624 2.504651985640984e-15
27.390269285031614 2.653380801385253e-15
28.78511379635291 2.8655138059767845e-15
30.25099051223259 2.97785787755334e-15
32.01790503512292 3.094606461295244e-15
33.888022358263306 3.2783673817032143e-15
36.12278297170504 3.2783673817032143e-15
37.693909753883595 3.2783673817032143e-15
39.89555391299709 3.3420146607968907e-15
41.92722778310677 3.3420146607968907e-15
44.69213735174202 3.406897608644056e-15
47.63938010401341 3.473040214915441e-15
51.142592894404885 3.5404669350249614e-15
54.129754259810454 3.5404669350249614e-15
57.29139119475538 3.609202699171808e-15
61.50437494841845 3.609202699171808e-15
65.56030814026973 3.609202699171808e-15
70.38135554931551 3.679272921558078e-15
76.09496685459871 3.679272921558078e-15
81.11308307896864 3.609202699171808e-15
87.07782043470073 3.609202699171808e-15
92.82020579300041 3.5404669350249614e-15
100.35541981436148 3.5404669350249614e-15
106.21702783837131 3.473040214915441e-15
112.42100350620862 3.406897608644056e-15
118.9873439932316 3.406897608644056e-15
125.04675297379097 3.3420146607968907e-15
134.24219975454807 3.2783673817032143e-15
140.08093913124935 3.2783673817032143e-15
146.17362903596202 3.1546861467589345e-15
152.5313148102424 3.1546861467589345e-15
162.59005978658644 3.094606461295244e-15
169.66176291773252 3.0356709684508804e-15
178.30175752034944 3.0356709684508804e-15
187.3817422860383 2.97785787755334e-15
194.14919457438776 2.9211458129244116e-15
202.59353286286225 2.8655138059767845e-15
202.59353286286225 2.8655138059767845e-15
211.4051497758318 2.810941287461172e-15
222.17091880720935 2.7574080798610835e-15
231.83403587747028 2.7048943899324377e-15
247.12243384761274 2.653380801385253e-15
256.04747243483894 2.6028482677047157e-15
267.1840186352412 2.553278105108962e-15
284.8035868435799 2.456951930392091e-15
297.1908534420853 2.4101603028544297e-15
312.3252439230554 2.3642598024001025e-15
325.90953934853013 2.275064621371302e-15
342.5064237170965 2.23173696197736e-15
354.8763368830248 2.1892344598343036e-15
372.9483501789882 2.147541400165516e-15
391.9406774847213 2.066522239851513e-15
411.9001856247848 1.98855964661346e-15
432.8761281083053 1.9506883552911623e-15
451.7036718988664 1.9135383069594183e-15
468.0173373112714 1.841347257768656e-15
491.85103559873505 1.806279565158465e-15
509.614657474493 1.7718797221675213e-15
531.7798720864482 1.7050329515970646e-15
554.9091420519696 1.6725613082475598e-15
587.3205443027404 1.609461471030236e-15
617.2297368368434 1.5487421680493667e-15
648.6620495933171 1.5192470176628993e-15
681.6950471941161 1.461931187723083e-15
711.3447379935227 1.4067776818316257e-15
742.2840144634132 1.3799861860346136e-15
780.0846936988537 1.3279241759477157e-15
814.013750482707 1.3026344123709063e-15
849.4185199725549 1.2534906118005045e-15
880.0959981335814 1.2296184044920104e-15
918.3749534023075 1.206200833441989e-15
944.8147990647078 1.1606951315784588e-15
972.0158430111641 1.1606951315784588e-15
992.9293218894514 1.1385901755922302e-15