10.071210286116756 1.3089113379814468e-18
10.434940680901915 1.334322963811527e-18
10.735360700064266 1.334322963811527e-18
11.12307745650795 1.3602279391211252e-18
11.524796936048434 1.386635841955761e-18
11.941024859036625 1.386635841955761e-18
12.549119391107574 1.4135564363122123e-18
13.094931644376349 1.4135564363122123e-18
13.664483492953257 1.4409996757486308e-18
14.258807468413066 1.4689757070647493e-18
14.878981011329154 1.4689757070647493e-18
15.526128424548572 1.4974948740535344e-18
16.08686786508344 1.4974948740535344e-18
16.906088702690365 1.4689757070647493e-18
17.641403275863997 1.4689757070647493e-18
18.408699671150956 1.4409996757486308e-18
19.20936890809988 1.4689757070647493e-18
19.762403098895984 1.4689757070647493e-18
20.044862507358385 1.4974948740535344e-18
20.044862507358385 1.6172168856198907e-18
20.044862507358385 1.713248890696367e-18
20.044862507358385 1.8502200463656882e-18
20.044862507358385 1.9981417986396653e-18
20.044862507358385 2.116793517562902e-18
20.044862507358385 2.286027337580769e-18
20.044862507358385 2.468791095970146e-18
20.044862507358385 2.71792830083541e-18
20.044862507358385 2.935221761472332e-18
20.044862507358385 3.1698874419801963e-18
20.044862507358385 3.4897755436188806e-18
20.044862507358385 3.916533800211821e-18
20.044862507358385 4.395479542015167e-18
20.044862507358385 4.839047849162551e-18
20.044862507358385 5.3273786995603106e-18
20.187602546790387 6.0949294755414755e-18
20.187602546790387 6.840267232806436e-18
20.187602546790387 7.38713424848194e-18
20.187602546790387 8.132604362026737e-18
20.187602546790387 8.782791397966038e-18
20.187602546790387 9.484959713564956e-18
20.187602546790387 1.0442131162844023e-17
20.187602546790387 1.1495895239923575e-17
20.187602546790387 1.2655999556636822e-17
20.187602546790387 1.4203678551667687e-17
20.187602546790387 1.5047107619782787e-17
20.33135904212721 1.625009670756476e-17
20.187602546790387 1.7215044194441838e-17
20.187602546790387 1.895229446208729e-17
20.187602546790387 2.046749618739075e-17
20.187602546790387 2.253296652995642e-17
20.187602546790387 2.4334436522452445e-17
20.187602546790387 2.6790137819767788e-17
20.187602546790387 2.9493655369416414e-17
20.187602546790387 3.246999746332195e-17
20.187602546790387 3.506591513837933e-17
20.187602546790387 3.9354061646155146e-17
20.187602546790387 4.332546325021216e-17
20.33135904212721 4.769763748207359e-17
20.187602546790387 5.0529972344233205e-17
20.187602546790387 5.670919007150074e-17
20.187602546790387 6.124298743354511e-17
20.187602546790387 6.613925370925525e-17
20.187602546790387 7.142696763386835e-17
20.187602546790387 7.713742474018499e-17
20.187602546790387 8.330442258235205e-17
20.187602546790387 9.171105975345884e-17
20.47613923158044 8.492172144379994e-17
20.768799903767064 8.171792450500003e-17
20.768799903767064 8.825112503361599e-17
20.916695122111957 9.349156777360411e-17
20.916695122111957 1.0096604982511867e-16
20.916695122111957 1.0696151790090556e-16
21.065643506538215 1.155128981461173e-16
21.36672982554304 1.2474794580306068e-16
21.67211950093307 1.3215560736729643e-16
21.826447283974872 1.4000314350819962e-16
22.13840759354933 1.483166744313872e-16
22.296055827439947 1.5712387138720029e-16
22.614728142165426 1.6017432477759014e-16
22.93795516580259 1.7297997286087727e-16
23.101297000831593 1.9043618736463673e-16
23.431478439440816 2.0566121672624425e-16
23.7663790841794 2.0965398975490943e-16
24.106066385557497 2.2210345969766834e-16
24.62472224267931 2.2641544772132427e-16
25.154537278317612 2.445169539906039e-16
25.51406520031287 2.6406564300520596e-16
25.878731770865425 2.8517721441283963e-16
26.063014960239624 3.0797661783916127e-16
26.435527541405776 3.3259879240681274e-16
26.62377568939287 3.591894653776646e-16
27.004303092595247 3.879060146450785e-16
27.390269285031614 4.2705141678009135e-16
27.78175200204531 4.611934065424864e-16
28.379492345347426 4.980649867455936e-16
28.78511379635291 5.276405988733598e-16
29.61383191778102 5.589724413244972e-16
30.25099051223259 5.921648008652602e-16
31.34353097252111 6.395073075854837e-16
32.245905452963946 6.645795492851267e-16
32.939694620548565 7.040429677159877e-16
33.888022358263306 7.316453660688004e-16
35.111917342151294 7.750912218060583e-16
36.12278297170504 8.054791067010178e-16
37.4273882512859 8.533092860365855e-16
38.5049158615987 8.867637538906519e-16
40.17965129389019 9.394206993334524e-16
41.336416049988784 9.576589150290311e-16
42.82931615848838 9.952044684552814e-16
44.69213735174202 1.0342220163045532e-15
46.30623221233196 1.074769268941559e-15
47.978621492776554 1.1169061992981356e-15
50.06540692285688 1.1606951315784588e-15
52.98965148769646 1.1832292402920054e-15
54.90341818579799 1.2296184044920104e-15
56.88630220911186 1.2534906118005045e-15
58.524048366214046 1.3026344123709063e-15
60.637694552910496 1.3537049231310514e-15
63.275074568627055 1.3799861860346136e-15
65.56030814026973 1.4067776818316257e-15
68.41179264653655 1.4067776818316257e-15
70.8825431959107 1.461931187723083e-15
73.44252701985742 1.461931187723083e-15
76.63684129077483 1.5192470176628993e-15
79.40464652429354 1.5487421680493667e-15
81.6906916643552 1.609461471030236e-15
84.64102103741067 1.609461471030236e-15
87.69790408545865 1.640708073838967e-15
91.51224269711867 1.7050329515970646e-15
96.17248711152953 1.7050329515970646e-15
101.7897763738805 1.7381350098776204e-15
106.97340233265551 1.7718797221675213e-15
112.42100350620862 1.806279565158465e-15
118.9873439932316 1.806279565158465e-15
123.28467394420646 1.841347257768656e-15
127.7372056509966 1.806279565158465e-15
133.29301637123197 1.841347257768656e-15
137.13049774817352 1.841347257768656e-15
143.0948609544746 1.841347257768656e-15
148.26285455087947 1.841347257768656e-15
154.71140924196158 1.841347257768656e-15
160.2989444400819 1.841347257768656e-15
166.08827826277133 1.841347257768656e-15
173.31213314651498 1.806279565158465e-15
179.57144943716372 1.7718797221675213e-15
187.3817422860383 1.7718797221675213e-15
195.53173654388576 1.7718797221675213e-15
202.59353286286225 1.7718797221675213e-15
208.42616333830142 1.7718797221675213e-15
217.4914650783149 1.7718797221675213e-15
225.34635582212067 1.7718797221675213e-15
235.1475855661243 1.7718797221675213e-15
240.20692086335865 1.7381350098776204e-15
247.12243384761274 1.7381350098776204e-15
256.04747243483894 1.7381350098776204e-15
265.29484644318944 1.7050329515970646e-15
271.0028173651656 1.6725613082475598e-15
280.7903164787532 1.640708073838967e-15
288.87421794371676 1.609461471030236e-15
299.30715801257446 1.5788099467748772e-15
310.11689265747754 1.5788099467748772e-15
319.0451008460724 1.5487421680493667e-15
328.23035050304907 1.5192470176628993e-15
340.0846710441984 1.4903135901469444e-15
347.4017879778882 1.5192470176628993e-15
357.40342143157545 1.5192470176628993e-15
367.6930000692075 1.4903135901469444e-15
378.2788137795643 1.4903135901469444e-15
391.9406774847213 1.461931187723083e-15
406.0959511116066 1.461931187723083e-15
414.8333386317734 1.4340893163476374e-15
429.81540034471175 1.4067776818316257e-15
448.50982063351756 1.3799861860346136e-15
468.0173373112714 1.3537049231310514e-15
488.3733152476784 1.3279241759477157e-15
502.4334929920142 1.2778262818220628e-15
520.5793093901882 1.2778262818220628e-15
543.22142131915 1.2296184044920104e-15
566.8483308060557 1.1832292402920054e-15
591.5028707029451 1.1832292402920054e-15
608.5321293432356 1.1606951315784588e-15
626.0516572014815 1.1606951315784588e-15
644.0755690381154 1.1169061992981356e-15
672.0890356930887 1.1169061992981356e-15
701.3209219741958 1.095635185313046e-15
731.8242219076167 1.074769268941559e-15
763.6542344453172 1.0543007352681254e-15
791.2342618981311 1.014525688191838e-15
825.6482587604199 9.952044684552814e-16
855.4672535565667 9.762512133118874e-16
880.0959981335814 9.576589150290311e-16
905.433799728169 9.394206993334524e-16
931.5010719611982 9.215298228695544e-16
958.3188161579149 9.039796707061469e-16
992.9293218894514 8.698757070498949e-16