0.0640018305149405 1.0235688778371976e-20
0.06614542881719965 1.0647208914104398e-20
0.06911565437077576 1.1074860196014014e-20
0.07143052877634669 1.1520118748688291e-20
0.0738229347275906 1.1983278672144646e-20
0.07713791463003938 1.246459396584891e-20
0.07972147671741067 1.2965725986540595e-20
0.08239156944397946 1.3487005739508937e-20
0.08609131936378218 1.4028719097455996e-20
0.0899572046001161 1.4883469683926084e-20
0.09297012016058234 1.5178861540003625e-20
0.09714489431441167 1.6103688725802856e-20
0.1015071344971693 1.675050266386118e-20
0.10490688915144478 1.7423947243808276e-20
0.1096176776137123 1.8123790126093537e-20
0.11205181374331777 1.8853151344199324e-20
0.11580473886706341 1.9227329374372513e-20
0.11968335983199116 2.000035338528546e-20
0.12369188653943641 2.0804456393692695e-20
0.12783466989197306 2.12173619271018e-20
0.13067332689852612 2.207121869946968e-20
0.13504993799599851 2.295857968822693e-20
0.14111428414988236 2.3880724272192784e-20
0.14584059178037412 2.484083541924589e-20
0.15238948654454398 2.583858188937232e-20
0.15749343188502563 2.6877407605597473e-20
0.1627683224700206 2.795799872803978e-20
0.17007734804228303 2.9080947858852376e-20
0.17577370878045082 3.0250131083276855e-20
0.18166085639313667 3.14663206645408e-20
0.19191419208048188 3.272896071427467e-20
0.19834192911570814 3.404481025280123e-20
0.2049849488402765 3.5413562785197563e-20
0.2141896897276099 3.6835968942929114e-20
0.2213634947823628 3.8316938447517795e-20
0.22877757040769742 3.9857449501751386e-20
0.23643996392949573 4.145989594029166e-20
0.2470571756598912 4.312515655363584e-20
0.25533180371419123 4.485897932440368e-20
0.2667973435344634 4.666076608072674e-20
0.2757331244027028 4.853673605272287e-20
0.28496818928429657 5.048812834696984e-20
0.2945125620285273 5.25179752757009e-20
0.30773749311188064 5.462739001820671e-20
0.31804447281025217 5.682365364459805e-20
0.3323260919214584 5.91060084401078e-20
0.34724901959758137 6.14800353312763e-20
0.3549599235591776 6.395419515912858e-20
0.366848513047784 6.652543776354943e-20
0.3833216518153507 6.919747030923309e-20
0.4005345081807919 7.197682658197844e-20
0.4094286531648913 7.487341198414765e-20
0.42781383064038137 7.788074572525146e-20
0.44702458480229135 8.100887075916155e-20
0.45695107399980583 8.426893547207153e-20
0.47225562917519004 8.59414189579396e-20
0.48807277622844447 8.939664558317051e-20
0.5099894265228273 9.2987313371366e-20
0.527070382802808 9.865658863139287e-20
0.5568193869252988 1.0261535334698025e-19
0.5882474898458927 1.088634984152335e-19
0.6146624327589695 1.1549640185204694e-19
0.6565254292413085 1.2252428305470637e-19
0.6935811590608435 1.2998466271466741e-19
0.7168111101900486 1.3521062329257208e-19
0.7489991345878912 1.406414358975796e-19
0.7912742824042192 1.4920495066835806e-19
0.8177762464064366 1.5520365216080006e-19
0.8544980569324023 1.6143749629207242e-19
0.8831175599901543 1.679280004315489e-19
0.9227734876997419 1.7467292534402548e-19
0.95367972375093 1.816955524971916e-19
0.9965042081645213 1.8899345907247886e-19
1.0412517034376452 1.9658449027106944e-19
1.0880085613575232 2.0448041961238293e-19
1.1244489769863366 2.169472362354077e-19
1.162109882911243 2.2125298268723675e-19
1.2010321567275453 2.3014833496280064e-19
1.2549638715318683 2.393923754686485e-19
1.3257967746998427 2.539687350617803e-19
1.4006276417016932 2.694326344463208e-19
1.4635220863642946 2.8025455148005323e-19
1.512539488435582 2.9152202879026547e-19
1.5804592754817897 3.0928406560534546e-19
1.6514289647009162 3.217066383375411e-19
1.725585510339561 3.3462817086252354e-19
1.803072016502457 3.480687041879153e-19
1.8840380133085888 3.620490842799595e-19
1.947139656718259 3.7660506497952283e-19
2.0345749348347457 3.9173162444796364e-19
2.1259364479456897 4.074657508947382e-19
2.1971399389062074 4.238476832439148e-19
2.295801347684087 4.408717697003726e-19
2.398893094925925 4.585796384001561e-19
2.50661412264105 4.76998753851125e-19
2.5905675616986685 4.961762216482881e-19
2.706895630132355 5.161054255319341e-19
2.859678734414822 5.3681504033275335e-19
3.021085250953874 5.695011651417556e-19
3.156745488892822 5.923755076372063e-19
3.298497478182333 6.161686112812399e-19
3.446614765700109 6.409173786448415e-19
3.6411492343762037 6.666352869911939e-19
3.763101391904868 6.934369854139035e-19
3.975499057328258 7.212623330001298e-19
4.154016743273382 7.652078563118369e-19
4.485927717512336 7.958536609723563e-19
4.791452126113841 8.44280840471675e-19
5.006609753756573 8.781918669793962e-19
5.231428921056677 8.955878574391534e-19
5.526702200711362 9.315248552506758e-19
5.903110945506146 9.882075389970639e-19
6.23629542633304 1.0077451634209557e-18
6.7345829919640465 1.0690258614672394e-18
7.193257231801909 1.1118808132147358e-18
7.683170534034849 1.1564537279746141e-18
8.028179249841061 1.1793617720768593e-18
8.574956833411838 1.2266398536059885e-18
9.058946134481696 1.2508914685931138e-18
9.465733327160843 1.2756702178300936e-18
9.890787083927176 1.3009398061439754e-18