10.071210286116756 4.746890195691976e-18
10.142927662718396 4.839047849162551e-18
10.142927662718396 5.3273786995603106e-18
10.142927662718396 5.97885407888431e-18
10.142927662718396 6.840267232806436e-18
10.142927662718396 7.530550449436e-18
10.142927662718396 8.61552678902067e-18
10.142927662718396 1.0243265118283992e-17
10.142927662718396 1.1495895239923575e-17
10.142927662718396 1.2901707203829254e-17
10.142927662718396 1.4479433336802593e-17
10.142927662718396 1.6565581313169964e-17
10.142927662718396 1.8591355897321576e-17
10.142927662718396 2.168287720106157e-17
10.142927662718396 2.4806873102188838e-17
10.142927662718396 2.784046015794401e-17
10.142927662718396 3.185161986762755e-17
10.142927662718396 3.574669609659155e-17
10.142927662718396 4.011809406028967e-17
10.142927662718396 4.332546325021216e-17
10.142927662718396 4.862365476185549e-17
10.142927662718396 5.456975240509482e-17
10.142927662718396 6.243197849521443e-17
10.142927662718396 7.142696763386835e-17
10.142927662718396 8.171792450500003e-17
10.142927662718396 9.715695698228806e-17
10.215155740810767 1.155128981461173e-16
10.215155740810767 1.3215560736729643e-16
10.215155740810767 1.483166744313872e-16
10.215155740810767 1.6645404877333829e-16
10.215155740810767 1.868094093887907e-16
10.215155740810767 2.0965398975490943e-16
10.215155740810767 2.398602303094263e-16
10.215155740810767 2.6919229835603845e-16
10.215155740810767 2.9635774661658446e-16
10.36115857424461 3.1395577498284785e-16
10.509248192051757 3.3905597236921777e-16
10.584084849114559 3.5234885141550164e-16
10.735360700064266 3.732716892789303e-16
10.888798701394172 4.031140869228556e-16
11.044429756214312 4.2705141678009135e-16
11.202285209325627 4.524101699496902e-16
11.362396853533 4.792747520125995e-16
11.60686534477378 5.175919031415346e-16
11.772759558295343 5.175919031415346e-16
11.941024859036625 5.175919031415346e-16
12.111695136393056 5.483270436857655e-16
12.372285210347536 5.378843832170779e-16
12.728481021482079 5.698245121379185e-16
12.819120899019218 6.153809531081025e-16
13.002341597839354 6.519229082028838e-16
13.282094441715131 6.645795492851267e-16
13.664483492953257 6.906347622446584e-16
13.958482699825534 7.177114844021436e-16
14.258807468413066 7.45849764597065e-16
14.462605270874247 7.750912218060583e-16
14.669315907692722 8.054791067010178e-16
14.9849346608234 8.370583656206213e-16
15.199110829529332 8.698757070498949e-16
15.636690429288326 9.215298228695544e-16
16.08686786508344 9.762512133118874e-16
16.432986062367135 1.014525688191838e-15
17.02647744405374 1.0543007352681254e-15
17.51666659188202 1.074769268941559e-15
17.89354772959318 1.1169061992981356e-15
18.408699671150956 1.1606951315784588e-15
18.80477341266189 1.206200833441989e-15
19.073545643843964 1.2296184044920104e-15
19.483923928132885 1.2778262818220628e-15
19.90313173679869 1.3026344123709063e-15
20.33135904212721 1.3537049231310514e-15
21.065643506538215 1.4067776818316257e-15
21.67211950093307 1.461931187723083e-15
22.296055827439947 1.4903135901469444e-15
22.93795516580259 1.5487421680493667e-15
23.7663790841794 1.609461471030236e-15
24.450608758139712 1.640708073838967e-15
25.154537278317612 1.6725613082475598e-15
25.878731770865425 1.7050329515970646e-15
26.62377568939287 1.7381350098776204e-15
27.390269285031614 1.7718797221675213e-15
28.178830090032754 1.806279565158465e-15
28.99009341528708 1.841347257768656e-15
29.61383191778102 1.877095765845469e-15
30.25099051223259 1.9135383069594183e-15
31.12191095416648 1.9506883552911623e-15
32.01790503512292 1.9506883552911623e-15
32.939694620548565 1.9506883552911623e-15
33.41049397682584 1.98855964661346e-15
34.372375941244826 2.027166183369775e-15
35.111917342151294 2.027166183369775e-15
36.12278297170504 2.066522239851513e-15
37.4273882512859 2.066522239851513e-15
38.23265999586767 2.106642367475765e-15
39.33337123130455 2.106642367475765e-15
40.465771740361106 2.147541400165516e-15
41.336416049988784 2.147541400165516e-15
42.82931615848838 2.147541400165516e-15
44.06236427773568 2.1892344598343036e-15
45.330911625099425 2.1892344598343036e-15
46.968076366272356 2.23173696197736e-15
49.01090907781233 2.23173696197736e-15
50.42192411800973 2.23173696197736e-15
52.24295514052279 2.23173696197736e-15
54.129754259810454 2.23173696197736e-15
55.68813990945267 2.23173696197736e-15
56.88630220911186 2.23173696197736e-15
58.524048366214046 2.23173696197736e-15
59.360518910794184 2.275064621371302e-15
60.637694552910496 2.23173696197736e-15
61.94234936216937 2.23173696197736e-15
64.17945042026963 2.23173696197736e-15
65.56030814026973 2.23173696197736e-15
67.4477773296094 2.23173696197736e-15
69.38958640907107 2.23173696197736e-15
71.38729981407708 2.23173696197736e-15
73.96551335607955 2.1892344598343036e-15
76.63684129077483 2.1892344598343036e-15
79.40464652429354 2.1892344598343036e-15
83.44831379259402 2.1892344598343036e-15
88.32240336963518 2.106642367475765e-15
94.14686329970377 2.106642367475765e-15
99.64583894420542 2.106642367475765e-15
106.21702783837131 2.066522239851513e-15
110.05314687183206 2.027166183369775e-15
115.65758347924074 2.027166183369775e-15
121.54742500762859 1.98855964661346e-15
128.64682594721285 1.9506883552911623e-15
136.1608921394573 1.877095765845469e-15
144.11384355351515 1.841347257768656e-15
152.5313148102424 1.806279565158465e-15
160.2989444400819 1.7718797221675213e-15
169.66176291773252 1.7381350098776204e-15
178.30175752034944 1.7050329515970646e-15
186.05682630254034 1.6725613082475598e-15
195.53173654388576 1.640708073838967e-15
201.1610592047105 1.609461471030236e-15
206.9524490275203 1.5788099467748772e-15
214.42671417024104 1.5487421680493667e-15
223.75300427671777 1.5192470176628993e-15
231.83403587747028 1.4903135901469444e-15
241.91744121954915 1.461931187723083e-15
250.65449703512456 1.4067776818316257e-15
259.7070991128454 1.4067776818316257e-15
269.0866436765253 1.3537049231310514e-15
278.80493853437343 1.3026344123709063e-15
288.87421794371676 1.2778262818220628e-15
297.1908534420853 1.2534906118005045e-15
307.9241559328536 1.2296184044920104e-15
319.0451008460724 1.206200833441989e-15
332.92167018611315 1.206200833441989e-15
344.94542176006826 1.1832292402920054e-15
354.8763368830248 1.1606951315784588e-15
365.09316122221696 1.1385901755922302e-15
375.60412605129 1.095635185313046e-15
389.16939111579734 1.074769268941559e-15
400.3735061665314 1.074769268941559e-15
408.987771998558 1.0543007352681254e-15
417.78737870524725 1.0342220163045532e-15
429.81540034471175 1.014525688191838e-15
448.50982063351756 9.952044684552814e-16
461.4223357143005 9.576589150290311e-16
478.0869990034205 9.394206993334524e-16
491.85103559873505 9.215298228695544e-16
506.01133627107447 9.039796707061469e-16
524.2863695470021 8.867637538906519e-16
539.3804775062487 8.698757070498949e-16
550.9855581279205 8.533092860365855e-16
566.8483308060557 8.370583656206213e-16
574.9501615098491 8.21116937224359e-16
591.5028707029451 7.901390921553903e-16
612.8655040474127 7.603299318883219e-16
639.5215180105798 7.603299318883219e-16
672.0890356930887 7.316453660688004e-16
691.4383551723324 7.316453660688004e-16
721.5118220723671 7.177114844021436e-16
747.5698401683967 6.906347622446584e-16
785.6396991222134 6.774819104693466e-16
831.5277236342331 6.519229082028838e-16
861.5590603454946 6.273281569175351e-16
892.675004531686 6.036612788257447e-16
931.5010719611982 5.921648008652602e-16
951.5428522815822 5.80887268545538e-16
978.9375956402487 5.698245121379185e-16
999.999999999998 5.589724413244972e-16