0.010115228668515136 4.535445033902887e-20
0.01045401565048638 4.7177900618117485e-20
0.01080414954540587 4.811423924918804e-20
0.011044063137178985 5.0050515265565917e-20
0.01128930417571462 5.104577376278903e-20
0.011539990960642236 5.206082305479337e-20
0.011796244418516132 5.3096056683114465e-20
0.012191333266836838 5.523075391025813e-20
0.012599654733313745 5.632691732218974e-20
0.013021652014923956 5.859150949216613e-20
0.013457783152537033 6.094714832224971e-20
0.014062097798748202 6.21544425942976e-20
0.014533076343034707 6.5943891185993e-20
0.015353354928491042 6.859000284723199e-20
0.015867581245049483 7.134762550387452e-20
0.01658010660213411 7.276094149922846e-20
0.017135420224848593 7.568625440880582e-20
0.01751592404844045 7.873211944726672e-20
0.01810258078545319 8.029471388192088e-20
0.018708886278999148 8.352291789151364e-20
0.019335498620273662 8.688091003563885e-20
0.02020374897589219 9.037053185577576e-20
0.02088042840295767 9.400382848492777e-20
0.021818053014682228 9.777954642944343e-20
0.022797781164492603 1.0170691826110713e-19
0.023561341903401048 1.0579598795773329e-19
0.024619351520232317 1.1004534478317177e-19
0.025443921687942937 1.1222941202948736e-19
0.02629610899093511 1.1674153269587011e-19
0.027176838403445126 1.214350606470254e-19
0.028710758547849883 1.2630785059439225e-19
0.029672361251781555 1.3138598699987928e-19
0.031004782965586623 1.366631808840931e-19
0.032043218891437665 1.4215764754527967e-19
0.033482102715642816 1.4786749138289427e-19
0.03460351093099947 1.538124210736913e-19
0.03576247820876475 1.5999636333377034e-19
0.03696026250580905 1.6317180721443084e-19
0.038198163911457285 1.697320383533916e-19
0.03991343229172664 1.7654942348864568e-19
0.04125024352055402 1.8364749419894912e-19
0.04310256392404847 1.91023801637571e-19
0.045038061797161785 1.9869638271535359e-19
0.04706047218024611 2.0667713743375316e-19
0.04917369783366843 2.192696915510777e-19
0.051949168790303896 2.2806826375139134e-19
0.05368909011953325 2.372376205858396e-19
0.05548728622586499 2.467756262773188e-19
0.05797891351430735 2.5668751152094753e-19
0.05992078766972055 2.670074891862629e-19
0.06261149899943129 2.7773199886303934e-19
0.06542303530059834 2.8888726465140576e-19
0.06836082215476444 3.064887689062983e-19
0.07143052877634669 3.1255996576018527e-19
0.0738229347275906 3.2512626416171186e-19
0.07629546897038715 3.449486487319151e-19
0.0788508152228167 3.5179483606351594e-19
0.08239156944397946 3.659248783896713e-19
0.08609131936378218 3.8062246200885464e-19
0.0899572046001161 3.9591038254416543e-19
0.09297012016058234 4.1182773777938375e-19
0.09714489431441167 4.2836903619929037e-19
0.1015071344971693 4.45574725402809e-19
0.10490688915144478 4.634888077324855e-19
0.1096176776137123 4.821051027987901e-19
0.11454000154439115 5.114791045515385e-19
0.11968335983199116 5.320229575458842e-19
0.1264385501845622 5.533712906013098e-19
0.13067332689852612 5.756192734727563e-19
0.14267245159811115 6.227880644882278e-19
0.14907908270030257 6.607336858717575e-19
0.1557734001891778 6.87272435138671e-19
0.1627683224700206 7.148771285638981e-19
0.16821988372852018 7.290652773194219e-19
0.1738540328499661 7.583769385448297e-19
0.17967688520683886 7.888670586963674e-19
0.18981824122519525 8.205217015395788e-19
0.19617577906988468 8.535103170885826e-19
0.2049849488402765 8.877920508434723e-19
0.21655474727150323 9.23416228553381e-19
0.2238077646440139 9.417432476878435e-19
0.2313037056266914 9.796055076202166e-19
0.24169027639015142 1.0189519273701425e-18
0.2525432506292153 1.0598787187442526e-18
0.2638835719456753 1.1024493582795837e-18
0.2727217625453142 1.1243296435282178e-18
0.28496818928429657 1.1694889915998873e-18
0.29776453534938474 1.2164621909117134e-18
0.3111354945775375 1.2653220958440598e-18
0.32869666176287615 1.316095313693654e-18
0.3434566117942136 1.3689570404200587e-18
0.366848513047784 1.4238355892243784e-18
0.38755424473574973 1.4809694326869553e-18
0.40495716345130106 1.5404534234179484e-18
0.42781383064038137 1.6022667573597654e-18
0.44702458480229135 1.666622725038602e-18
0.47225562917519004 1.699573140384743e-18
0.49346201883323954 1.7678374750144376e-18
0.5156206702210533 1.802856341626716e-18
0.5447234275463239 1.8751990424185592e-18
0.5691839454243027 1.9123446205987137e-18
0.6013099310447427 1.9890807262464916e-18
0.6352491774930441 2.06889599965859e-18
0.67110402917254 2.151913997719192e-18
0.7012396012324771 2.1945409870846254e-18
0.7408190966254549 2.2826007056203893e-18
0.7826325452247404 2.3741939712962054e-18
0.8177762464064366 2.421224076250745e-18
0.8544980569324023 2.518473936599369e-18
0.8928688409694369 2.6196298936329263e-18
0.9329626448023285 2.6715218074062545e-18
0.974856839725187 2.7244416414677135e-18
1.0412517034376452 2.8902221497153954e-18
1.100022224849595 3.0061972672947358e-18
1.018632271349229 2.833870410064353e-18
1.162109882911243 3.126826085247521e-18
1.2412580451342647 3.2521738301768908e-18
1.3404360678780565 3.3824201195995112e-18
1.416093208575637 3.518145524344579e-18
1.496020603614849 3.659317143587475e-18
1.5804592754817897 3.731664662886792e-18
1.6696638504983448 3.881404103534142e-18
1.7639033266523907 3.9581424531415195e-18
1.8634618847660407 4.036397979044739e-18
1.9686397454479805 4.11620067698813e-18
2.102718476059125 4.2812103252610266e-18
2.2214005015603084 4.365853151908078e-18
2.3726940839015476 4.540870831933969e-18
2.5342918630958806 4.630474338259165e-18
2.6480929009996528 4.72219881264941e-18
2.8284473490531363 4.815380404207224e-18
2.9880910979577497 4.910584184873634e-18
3.122269750878657 5.0078573194173644e-18
3.298497478182333 5.1068665169939316e-18
3.446614765700109 5.20802778316968e-18
3.6813543790596563 5.206860409331412e-18
3.889138064450244 5.309804051320258e-18
4.108649515078564 5.308812210392672e-18
4.340550671641313 5.307820554735323e-18
4.535460807565156 5.307027363580753e-18
4.687365932916061 5.3064325480030605e-18
4.951931108671938 5.3054413368529915e-18
5.174294960287058 5.304648501244461e-18
5.406643943241845 5.303855784115815e-18
5.58772740108056 5.303261324011153e-18
5.96829240728362 5.302072603676912e-18
6.23629542633304 5.301280271485764e-18
6.445166206757878 5.196948290536607e-18
6.808945470990823 5.195977530417578e-18
7.272684338227406 5.093147055035739e-18
7.59926038816419 5.0923859443027106e-18
7.94050116317803 4.991978597966307e-18
8.29706517500495 4.89355099851252e-18
8.862155851973593 4.892454114308073e-18
9.362355293218158 4.795809668171199e-18
9.782766913958065 4.701249961271082e-18