1.1	0.006597	0.2168
1.2	0.006597	0.2248
1.3	0.006866	0.2324
1.4	0.007126	0.2395
1.5	0.007376	0.2462
1.6	0.007618	0.2526
1.7	0.007852	0.2587
1.8	0.00808	0.2645
2.25	0.008517	0.2753
2.25	0.009033	0.2877
2.49999	0.009522	0.2989
2.74999	0.009987	0.3091
2.99999	0.01043	0.3186
3.24999	0.01086	0.3273
3.49999	0.01127	0.3355
3.74999	0.01166	0.3431
3.99999	0.01204	0.3503
4.49999	0.01277	0.3633
4.99999	0.01347	0.375
5.49999	0.01412	0.3856
5.99999	0.01475	0.3952
6.49999	0.01535	0.404
6.99999	0.01593	0.412
7.99999	0.01703	0.4264
8.99999	0.01807	0.4387
9.99999	0.01904	0.4496
10.9999	0.01997	0.4591
11.9999	0.02086	0.4676
12.9999	0.02171	0.4752
13.9999	0.02253	0.4821
14.9999	0.02332	0.4883
15.9999	0.02409	0.4939
16.9999	0.02483	0.499
17.9999	0.02555	0.5036
19.9999	0.02693	0.5118
22.4999	0.02857	0.5202
24.9999	0.03011	0.527
27.4999	0.03158	0.5326
29.9999	0.03298	0.5371
32.4999	0.03433	0.5409
34.9999	0.03563	0.5439
37.4999	0.03688	0.5463
39.9999	0.03809	0.5482
44.9999	0.0404	0.5509
49.9999	0.04258	0.5522
54.9999	0.04466	0.5526
59.9999	0.04665	0.5522
64.9999	0.04855	0.5512
69.9999	0.05039	0.5498
79.9999	0.05386	0.5458
89.9999	0.05713	0.5409
99.9999	0.06022	0.5353
110.	0.06316	0.5293
120.	0.06597	0.5231
130.	0.06866	0.5168
139.999	0.07126	0.5105
149.999	0.07376	0.5042
159.999	0.07618	0.4979
169.999	0.07852	0.4917
179.999	0.0808	0.4855
199.999	0.08517	0.4736
224.999	0.09033	0.4594
249.999	0.09522	0.4461
274.999	0.09987	0.4334
299.999	0.1043	0.4216
324.999	0.1086	0.4104
349.999	0.1127	0.3999
374.999	0.1166	0.39
399.999	0.1204	0.3806
449.999	0.1277	0.3633
499.999	0.1347	0.3478
549.999	0.1412	0.3338
599.999	0.1475	0.321
649.999	0.1535	0.3093
699.999	0.1593	0.2986
799.999	0.1703	0.2796
899.999	0.1807	0.2632
999.999	0.1904	0.249
1100	0.1997	0.2364
1200	0.2086	0.2253
1300	0.2171	0.2153
1400	0.2253	0.2062
1500	0.2332	0.1981
1600	0.2409	0.1906
1700	0.2483	0.1838
1800	0.2555	0.1775
2000	0.2693	0.1663
2250	0.3181	0.1544
2500	0.372	0.1443
2750	0.4287	0.1356
3000	0.4881	0.128
3250	0.55	0.1213
3500	0.6145	0.1154
3750	0.6813	0.1101
4000	0.7504	0.1053
4500	0.895	0.09699
5000	1.048	0.09005
5500	1.207	0.08414
6000	1.374	0.07903
6500	1.546	0.07458
7000	1.723	0.07065
8000	2.088	0.06403
9000	2.461	0.05865
10000	2.832	0.05418
11000	3.191	0.05041
12000	3.528	0.04718
13000	3.834	0.04437
14000	4.103	0.04191
15000	4.332	0.03973
16000	4.522	0.03778
17000	4.676	0.03604
18000	4.8	0.03446
20000	4.985	0.03172
22500	5.161	0.02889
25000	5.326	0.02657
27500	5.502	0.02462
30000	5.69	0.02295
32500	5.882	0.02152
35000	6.073	0.02026
37500	6.256	0.01916
40000	6.426	0.01818
45000	6.724	0.01651
50000	6.959	0.01514
55000	7.134	0.01399
60000	7.257	0.01302
65000	7.335	0.01218
70000	7.377	0.01146
80000	7.377	0.01025
90000	7.3	0.009282
100000	7.176	0.008495
110000	7.024	0.007838
120000	6.857	0.007282
130000	6.683	0.006804
140000	6.508	0.006388
150000	6.335	0.006024
160000	6.166	0.005701
170000	6.002	0.005413
180000	5.845	0.005155
200000	5.548	0.004709
225000	5.213	0.004256
250000	4.913	0.003886
275000	4.646	0.003579
300000	4.407	0.003319
325000	4.192	0.003097
350000	3.997	0.002904
375000	3.821	0.002734
400000	3.66	0.002585
450000	3.378	0.002332
500000	3.139	0.002127
550000	2.933	0.001957
600000	2.755	0.001813
650000	2.598	0.00169
700000	2.459	0.001583
800000	2.224	0.001407
900000	2.033	0.001268
1000000	1.874	0.001155
1100000	1.753	0.001062
1200000	1.635	0.000983
1300000	1.539	0.0009155
1400000	1.456	0.0008571
1500000	1.383	0.0008061
1600000	1.317	0.000761
1700000	1.258	0.000721
1800000	1.204	0.0006851
2000000	1.11	0.0006236
2250000	1.013	0.0005612
2500000	0.9327	0.0005106
2750000	0.8652	0.0004688
3000000	0.8076	0.0004336
3250000	0.7578	0.0004035
3500000	0.7142	0.0003774
3750000	0.6758	0.0003547
4000000	0.6416	0.0003347
4500000	0.5834	0.0003009
5000000	0.5356	0.0002736
5500000	0.4956	0.000251
6000000	0.4617	0.000232
6500000	0.4324	0.0002158
7000000	0.4069	0.0002018
8000000	0.3646	0.0001788
9000000	0.3309	0.0001606
10000000	0.3033	0.0001459
11000000	0.2803	0.0001338
12000000	0.2608	0.0001236
13000000	0.2441	0.0001149
14000000	0.2295	0.0001074
15000000	0.2167	0.0001009
16000000	0.2054	0.00009508
17000000	0.1954	0.00008996
18000000	0.1863	0.00008538
20000000	0.1707	0.00007753
22500000	0.1548	0.00006961
25000000	0.1419	0.0000632
27500000	0.1312	0.00005791
30000000	0.1221	0.00005347
32500000	0.1143	0.00004968
35000000	0.1076	0.00004641
37500000	0.1017	0.00004356
40000000	0.09645	0.00004105
45000000	0.08765	0.00003683
50000000	0.0805	0.00003342
55000000	0.07457	0.00003061
60000000	0.06957	0.00002825
65000000	0.06529	0.00002624
70000000	0.06159	0.00002451
80000000	0.0555	0.00002166
90000000	0.0507	0.00001943
100000000	0.04681	0.00001762
110000000	0.04359	0.00001614
120000000	0.04089	0.00001489
130000000	0.03858	0.00001382
140000000	0.03659	0.0000129
150000000	0.03485	0.0000121
160000000	0.03332	0.0000114
170000000	0.03197	0.00001078
180000000	0.03076	0.00001022
200000000	0.02869	0.000009267
225000000	0.02661	0.000008306
250000000	0.02494	0.000007531
275000000	0.02357	0.000006892
300000000	0.02242	0.000006356
325000000	0.02145	0.000005899
350000000	0.02062	0.000005506
375000000	0.01991	0.000005163
400000000	0.01928	0.000004861
450000000	0.01824	0.000004355
500000000	0.01742	0.000003948
550000000	0.01675	0.000003611
600000000	0.01621	0.00000333
650000000	0.01575	0.00000309
700000000	0.01537	0.000002883
800000000	0.01477	0.000002544
900000000	0.01432	0.000002279
1000000000	0.01399	0.000002065
1100000000	0.01373	0.000001888
1200000000	0.01352	0.000001741
1300000000	0.01337	0.000001615
1400000000	0.01324	0.000001506
1500000000	0.01314	0.000001412
1600000000	0.01307	0.000001329
1700000000	0.01301	0.000001256
1800000000	0.01296	0.00000119
2000000000	0.0129	0.000001078
2250000000	0.01286	0.000000965
2500000000	0.01286	0.0000008741
2750000000	0.01288	0.0000007991
3000000000	0.01292	0.0000007364
3250000000	0.01296	0.0000006829
3500000000	0.01301	0.0000006369
3750000000	0.01306	0.0000005969
4000000000	0.01312	0.0000005617
4500000000	0.01324	0.0000005027
5000000000	0.01335	0.0000004552
5500000000	0.01347	0.0000004161
6000000000	0.01359	0.0000003833
6500000000	0.0137	0.0000003555
7000000000	0.01381	0.0000003315
8000000000	0.01401	0.0000002922
9000000000	0.0142	0.0000002615
10000000000	0.01437	0.0000002367
