1.1	0.04351	0.3321
1.2	0.04351	0.3438
1.3	0.04529	0.3547
1.4	0.047	0.3649
1.5	0.04865	0.3745
1.6	0.05024	0.3837
1.7	0.05179	0.3923
1.8	0.05329	0.4005
2.00	0.05617	0.4158
2.25	0.05958	0.4331
2.49999	0.0628	0.4487
2.74999	0.06587	0.4629
2.99999	0.0688	0.4759
3.24999	0.07161	0.4879
3.49999	0.07431	0.499
3.74999	0.07692	0.5093
3.99999	0.07944	0.519
4.49999	0.08426	0.5365
4.99999	0.08882	0.5521
5.49999	0.09315	0.566
5.99999	0.0973	0.5785
6.49999	0.1013	0.5899
6.99999	0.1051	0.6002
7.99999	0.1123	0.6185
8.99999	0.1192	0.634
9.99999	0.1256	0.6473
10.9999	0.1317	0.6589
11.9999	0.1376	0.6691
12.9999	0.1432	0.678
13.9999	0.1486	0.6859
14.9999	0.1538	0.693
15.9999	0.1589	0.6992
16.9999	0.1638	0.7048
17.9999	0.1685	0.7098
19.9999	0.1776	0.7182
22.4999	0.1884	0.7265
24.9999	0.1986	0.7328
27.4999	0.2083	0.7375
29.9999	0.2176	0.741
32.4999	0.2264	0.7434
34.9999	0.235	0.745
37.4999	0.2432	0.7458
39.9999	0.2512	0.7461
44.9999	0.2665	0.7454
49.9999	0.2809	0.7432
54.9999	0.2946	0.7399
59.9999	0.3077	0.736
64.9999	0.3202	0.7314
69.9999	0.3323	0.7264
79.9999	0.3553	0.7157
89.9999	0.3768	0.7043
99.9999	0.3972	0.6927
1.10E+02	0.4166	0.6811
1.20E+02	0.4351	0.6695
1.30E+02	0.4529	0.6582
139.999	0.47	0.6471
149.999	0.4865	0.6364
159.999	0.5024	0.6259
169.999	0.5179	0.6158
179.999	0.5329	0.6059
199.999	0.5617	0.5872
224.999	0.5958	0.5655
249.999	0.628	0.5455
274.999	0.6587	0.5271
299.999	0.688	0.51
324.999	0.7161	0.4941
349.999	0.7431	0.4794
374.999	0.7692	0.4657
399.999	0.7944	0.4528
449.999	0.8426	0.4295
499.999	0.8882	0.4088
549.999	0.9315	0.3904
599.999	0.973	0.3738
649.999	1.013	0.3588
699.999	1.051	0.3451
799.999	1.123	0.3211
899.999	1.192	0.3008
999.999	1.256	0.2832
1100	1.317	0.2678
1200	1.376	0.2543
1300	1.432	0.2423
1400	1.486	0.2315
1500	1.538	0.2217
1600	1.589	0.2129
1700	1.638	0.2048
1800	1.685	0.1975
2000	1.776	0.1844
2250	1.882	0.1705
2500	1.981	0.1589
2750	2.074	0.1489
3000	2.164	0.1402
3250	2.25	0.1326
3500	2.332	0.1259
3750	2.411	0.1199
4000	2.487	0.1145
4500	2.632	0.1052
5000	2.768	0.09744
5500	2.897	0.09085
6000	3.019	0.08519
6500	3.135	0.08026
7000	3.246	0.07592
8000	3.454	0.06864
9000	3.646	0.06274
10000	3.824	0.05786
11000	3.991	0.05375
12000	4.146	0.05023
13000	4.292	0.04718
14000	4.429	0.04452
15000	4.558	0.04216
16000	4.68	0.04006
17000	4.795	0.03818
18000	4.903	0.03648
20000	5.102	0.03353
22500	5.32	0.0305
25000	5.509	0.02801
27500	5.673	0.02592
30000	5.813	0.02415
32500	5.932	0.02262
35000	6.033	0.02128
37500	6.116	0.02011
40000	6.185	0.01907
45000	6.282	0.01729
50000	6.334	0.01584
55000	6.35	0.01463
60000	6.336	0.01361
65000	6.299	0.01272
70000	6.243	0.01195
80000	6.089	0.01068
90000	5.902	0.009668
100000	5.696	0.008841
110000	5.484	0.008152
120000	5.272	0.007568
130000	5.065	0.007067
140000	4.866	0.006633
150000	4.677	0.006251
160000	4.498	0.005914
170000	4.329	0.005613
180000	4.171	0.005343
200000	3.883	0.004878
225000	3.572	0.004405
250000	3.307	0.00402
275000	3.079	0.003701
300000	2.883	0.003431
325000	2.712	0.003199
350000	2.562	0.002998
375000	2.429	0.002823
400000	2.311	0.002668
450000	2.11	0.002406
500000	1.944	0.002193
550000	1.806	0.002016
600000	1.688	0.001867
650000	1.586	0.00174
700000	1.498	0.00163
800000	1.35	0.001448
900000	1.231	0.001304
1000000	1.134	0.001188
1100000	1.058	0.001091
1200000	0.9841	0.00101
1300000	0.9227	0.00094
1400000	0.8699	0.0008798
1500000	0.8232	0.0008272
1600000	0.7817	0.0007807
1700000	0.7444	0.0007395
1800000	0.7108	0.0007026
2000000	0.6526	0.0006392
2250000	0.5929	0.0005751
2500000	0.5439	0.0005231
2750000	0.5029	0.0004801
3000000	0.4681	0.0004439
3250000	0.4382	0.0004129
3500000	0.4121	0.0003862
3750000	0.3891	0.0003629
4000000	0.3688	0.0003423
4500000	0.3343	0.0003077
5000000	0.3061	0.0002797
5500000	0.2826	0.0002565
6000000	0.2627	0.0002371
6500000	0.2456	0.0002204
7000000	0.2308	0.0002061
8000000	0.2062	0.0001825
9000000	0.1867	0.0001639
10000000	0.1708	0.0001489
11000000	0.1576	0.0001365
12000000	0.1464	0.0001261
13000000	0.1368	0.0001172
14000000	0.1285	0.0001095
15000000	0.1212	0.0001028
16000000	0.1148	0.00009691
17000000	0.1091	0.00009167
18000000	0.1039	0.000087
20000000	0.09508	0.00007898
22500000	0.08609	0.00007089
25000000	0.07879	0.00006435
27500000	0.07273	0.00005896
30000000	0.06762	0.00005442
32500000	0.06325	0.00005056
35000000	0.05947	0.00004722
37500000	0.05616	0.00004431
40000000	0.05323	0.00004175
45000000	0.04831	0.00003746
50000000	0.04432	0.00003399
55000000	0.04101	0.00003112
60000000	0.03822	0.00002872
65000000	0.03584	0.00002667
70000000	0.03379	0.0000249
80000000	0.03041	0.00002201
90000000	0.02775	0.00001973
100000000	0.02559	0.0000179
110000000	0.02381	0.00001638
120000000	0.02232	0.00001511
130000000	0.02104	0.00001403
140000000	0.01994	0.0000131
150000000	0.01899	0.00001228
160000000	0.01814	0.00001157
170000000	0.0174	0.00001094
180000000	0.01673	0.00001037
200000000	0.0156	0.000009401
225000000	0.01445	0.000008425
250000000	0.01353	0.000007637
275000000	0.01278	0.000006988
300000000	0.01215	0.000006444
325000000	0.01162	0.00000598
350000000	0.01117	0.000005581
375000000	0.01077	0.000005232
400000000	0.01043	0.000004926
450000000	0.009858	0.000004413
500000000	0.009407	0.000003999
550000000	0.009042	0.000003658
600000000	0.008742	0.000003372
650000000	0.008493	0.000003129
700000000	0.008283	0.000002919
800000000	0.007951	0.000002576
900000000	0.007704	0.000002307
1000000000	0.007517	0.00000209
1100000000	0.007372	0.000001911
1200000000	0.007258	0.000001762
1300000000	0.007169	0.000001634
1400000000	0.007098	0.000001524
1500000000	0.007042	0.000001429
1600000000	0.006997	0.000001345
1700000000	0.006961	0.00000127
1800000000	0.006933	0.000001204
2000000000	0.006895	0.00000109
2250000000	0.006871	0.0000009759
2500000000	0.006864	0.0000008838
2750000000	0.00687	0.000000808
3000000000	0.006883	0.0000007444
3250000000	0.006901	0.0000006904
3500000000	0.006924	0.0000006438
3750000000	0.006948	0.0000006033
4000000000	0.006975	0.0000005677
4500000000	0.007031	0.000000508
5000000000	0.007088	0.00000046
5500000000	0.007145	0.0000004204
6000000000	0.007201	0.0000003873
6500000000	0.007256	0.0000003591
7000000000	0.007309	0.0000003348
8000000000	0.007409	0.0000002951
9000000000	0.007503	0.0000002641
10000000000	0.007589	0.000000239
